 5  atomic
    0.00        0.00        0.00   Si_lda
    1.62        1.62        1.62   H_lda
   -1.62       -1.62        1.62   H_lda
    1.62       -1.62       -1.62   H_lda
   -1.62        1.62       -1.62   H_lda


    122  angstroem
   0.00000    0.00000    0.00000 C_lda 
   0.00000    0.88250    1.24804 C_lda 
   0.00000    0.00000    2.49609 C_lda 
   0.00000    0.88250    3.74413 C_lda 
   0.00000    0.00000    4.99217 C_lda 
   0.00000    0.88250    6.24022 C_lda 
   0.00000    0.00000    7.48826 C_lda 
   0.00000    0.88250    8.73630 C_lda 
   0.00000    0.00000    9.98435 C_lda 
   0.00000    0.88250   11.23239 C_lda 
   0.00000    0.00000   12.48043 C_lda 
   0.00000    0.88250   13.72848 C_lda 
   0.00000    0.00000   14.97652 C_lda 
   0.00000    0.88250   16.22457 C_lda 
   0.00000    0.00000   17.47261 C_lda 
   0.00000    0.88250   18.72065 C_lda 
   0.00000    0.00000   19.96870 C_lda 
   0.00000    0.88250   21.21674 C_lda 
   0.00000    0.00000   22.46478 C_lda 
   0.00000    0.88250   23.71283 C_lda 
   0.00000    0.00000   24.96087 C_lda 
   0.00000    0.88250   26.20891 C_lda 
   0.00000    0.00000   27.45696 C_lda 
   0.00000    0.88250   28.70500 C_lda 
   0.00000    0.00000   29.95304 C_lda 
   0.00000    0.88250   31.20109 C_lda 
   0.00000    0.00000   32.44913 C_lda 
   0.00000    0.88250   33.69717 C_lda 
   0.00000    0.00000   34.94522 C_lda 
   0.00000    0.88250   36.19326 C_lda 
   0.00000    0.00000   37.44130 C_lda 
   0.00000    0.88250   38.68935 C_lda 
   0.00000    0.00000   39.93739 C_lda 
   0.00000    0.88250   41.18543 C_lda 
   0.00000    0.00000   42.43348 C_lda 
   0.00000    0.88250   43.68152 C_lda 
   0.00000    0.00000   44.92956 C_lda 
   0.00000    0.88250   46.17761 C_lda 
   0.00000    0.00000   47.42565 C_lda 
   0.00000    0.88250   48.67370 C_lda 
   0.00000    0.61775   -0.87363 H_lda
   0.87363   -0.61775    0.00000 H_lda 
  -0.87363   -0.61775    0.00000 H_lda 
   0.87363    1.50025    1.24804 H_lda 
  -0.87363    1.50025    1.24804 H_lda 
   0.87363   -0.61775    2.49609 H_lda 
  -0.87363   -0.61775    2.49609 H_lda 
   0.87363    1.50025    3.74413 H_lda 
  -0.87363    1.50025    3.74413 H_lda 
   0.87363   -0.61775    4.99217 H_lda 
  -0.87363   -0.61775    4.99217 H_lda 
   0.87363    1.50025    6.24022 H_lda 
  -0.87363    1.50025    6.24022 H_lda 
   0.87363   -0.61775    7.48826 H_lda 
  -0.87363   -0.61775    7.48826 H_lda 
   0.87363    1.50025    8.73630 H_lda 
  -0.87363    1.50025    8.73630 H_lda 
   0.87363   -0.61775    9.98435 H_lda 
  -0.87363   -0.61775    9.98435 H_lda 
   0.87363    1.50025   11.23239 H_lda 
  -0.87363    1.50025   11.23239 H_lda 
   0.87363   -0.61775   12.48043 H_lda 
  -0.87363   -0.61775   12.48043 H_lda 
   0.87363    1.50025   13.72848 H_lda 
  -0.87363    1.50025   13.72848 H_lda 
   0.87363   -0.61775   14.97652 H_lda 
  -0.87363   -0.61775   14.97652 H_lda 
   0.87363    1.50025   16.22457 H_lda 
  -0.87363    1.50025   16.22457 H_lda 
   0.87363   -0.61775   17.47261 H_lda 
  -0.87363   -0.61775   17.47261 H_lda 
   0.87363    1.50025   18.72065 H_lda 
  -0.87363    1.50025   18.72065 H_lda 
   0.87363   -0.61775   19.96870 H_lda 
  -0.87363   -0.61775   19.96870 H_lda 
   0.87363    1.50025   21.21674 H_lda 
  -0.87363    1.50025   21.21674 H_lda 
   0.87363   -0.61775   22.46478 H_lda 
  -0.87363   -0.61775   22.46478 H_lda 
   0.87363    1.50025   23.71283 H_lda 
  -0.87363    1.50025   23.71283 H_lda 
   0.87363   -0.61775   24.96087 H_lda 
  -0.87363   -0.61775   24.96087 H_lda 
   0.87363    1.50025   26.20891 H_lda 
  -0.87363    1.50025   26.20891 H_lda 
   0.87363   -0.61775   27.45696 H_lda 
  -0.87363   -0.61775   27.45696 H_lda 
   0.87363    1.50025   28.70500 H_lda 
  -0.87363    1.50025   28.70500 H_lda 
   0.87363   -0.61775   29.95304 H_lda 
  -0.87363   -0.61775   29.95304 H_lda 
   0.87363    1.50025   31.20109 H_lda 
  -0.87363    1.50025   31.20109 H_lda 
   0.87363   -0.61775   32.44913 H_lda 
  -0.87363   -0.61775   32.44913 H_lda 
   0.87363    1.50025   33.69717 H_lda 
  -0.87363    1.50025   33.69717 H_lda 
   0.87363   -0.61775   34.94522 H_lda 
  -0.87363   -0.61775   34.94522 H_lda 
   0.87363    1.50025   36.19326 H_lda 
  -0.87363    1.50025   36.19326 H_lda 
   0.87363   -0.61775   37.44130 H_lda 
  -0.87363   -0.61775   37.44130 H_lda 
   0.87363    1.50025   38.68935 H_lda 
  -0.87363    1.50025   38.68935 H_lda 
   0.87363   -0.61775   39.93739 H_lda 
  -0.87363   -0.61775   39.93739 H_lda 
   0.87363    1.50025   41.18543 H_lda 
  -0.87363    1.50025   41.18543 H_lda 
   0.87363   -0.61775   42.43348 H_lda 
  -0.87363   -0.61775   42.43348 H_lda 
   0.87363    1.50025   43.68152 H_lda 
  -0.87363    1.50025   43.68152 H_lda 
   0.87363   -0.61775   44.92956 H_lda 
  -0.87363   -0.61775   44.92956 H_lda 
   0.87363    1.50025   46.17761 H_lda 
  -0.87363    1.50025   46.17761 H_lda 
   0.87363   -0.61775   47.42565 H_lda 
  -0.87363   -0.61775   47.42565 H_lda 
   0.87363    1.50025   48.67370 H_lda 
  -0.87363    1.50025   48.67370 H_lda 
   0.00000    0.26475   49.54733 H_lda 



  2  atomic
  0. 0. 0.000  H_lda  !H2
  0. 0. 1.447  H_lda


    32  angstroem
    -5.782   0.469  -0.027    C_lda
    -4.550  -0.436   0.087    C_lda
    -3.265   0.388  -0.047    C_lda
    -2.040  -0.527   0.043    C_lda
    -0.753   0.296  -0.078    C_lda
     0.472  -0.619   0.009    C_lda
     1.757   0.206  -0.105    C_lda
     2.983  -0.708  -0.028    C_lda
     4.268   0.117  -0.117    C_lda
     5.475  -0.814  -0.064    C_lda
    -5.462   1.500  -0.180    H_lda
    -6.368   0.403   0.889    H_lda
    -6.391   0.149  -0.873    H_lda
    -4.575  -1.185  -0.704    H_lda
    -4.552  -0.932   1.058    H_lda
    -3.221   1.125   0.754    H_lda
    -3.260   0.898  -1.011    H_lda
    -2.072  -1.259  -0.764    H_lda
    -2.043  -1.045   1.003    H_lda
    -0.711   1.026   0.731    H_lda
    -0.743   0.815  -1.036    H_lda
     0.441  -1.346  -0.803    H_lda
     0.467  -1.143   0.965    H_lda
     1.799   0.928   0.711    H_lda
     1.766   0.735  -1.058    H_lda
     2.959  -1.418  -0.855    H_lda
     2.974  -1.250   0.917    H_lda
     4.310   0.815   0.719    H_lda
     4.278   0.673  -1.055    H_lda
     5.442  -1.500  -0.911    H_lda
     5.455  -1.383   0.865    H_lda
     6.391  -0.225  -0.110    H_lda



  6  atomic
  0. 0. 0.000  H_lda  !H2
  0. 0. 1.447  H_lda
  3. 0. 0.000  H_lda  !H2
  3. 0. 1.447  H_lda
  6. 0. 0.000  H_lda  !H2
  6. 0. 1.447  H_lda


    14  angstroem
 0.1763058230E+02 0.1528060595E+02 0.1303260098E+02 Si_lda
 0.1760513402E+02 0.1512258605E+02 0.1703717374E+02 Si_lda
 0.1519703535E+02 0.1653427456E+02 0.1501924613E+02 Si_lda
 0.1302031949E+02 0.1737857278E+02 0.1511288871E+02 Si_lda
 0.1327358096E+02 0.1322637913E+02 0.1364273913E+02 Si_lda
 0.1324520937E+02 0.1590933128E+02 0.1302791001E+02 Si_lda
 0.1317166238E+02 0.1567940119E+02 0.1701769892E+02 Si_lda
 0.1325280131E+02 0.1316666943E+02 0.1620671420E+02 Si_lda
 0.1551168577E+02 0.1281760602E+02 0.1493936521E+02 Si_lda
 0.1775890059E+02 0.1395662825E+02 0.1498156035E+02 Si_lda
 0.1530923324E+02 0.1474370319E+02 0.1344534973E+02 Si_lda
 0.1211323453E+02 0.1496371819E+02 0.1495078778E+02 Si_lda
 0.1529737817E+02 0.1467648683E+02 0.1650157407E+02 Si_lda
 0.1761359161E+02 0.1654409162E+02 0.1508484746E+02 Si_lda


 13  angstroem
  1.8020548628   -0.4569708814   -1.2785614670     O_lda    
  1.8020548660    0.4569708823    1.2785614648     O_lda    
  2.6938162442    0.0000000003   -0.0000000008     Si_lda   
  1.2144010891   -1.9186650315   -1.7352568322     Si_lda   
  1.2144010885    1.9186650319    1.7352569503     Si_lda   
 -0.1927952247    1.7461769974    2.1831957623     H_lda    
 -0.1927952202   -1.7461769966   -2.1831957642     H_lda    
  3.5100132742   -1.1572261068    0.4498774956     H_lda    
  3.5100132775    1.1572261067   -0.4498774951     H_lda    
  2.0150059642    2.4573064618    2.8710822564     H_lda    
  2.0150059655   -2.4573064628   -2.8710822539     H_lda    
  1.2596056778    2.8778143769    0.5846959628     H_lda    
  1.2596056771   -2.8778143756   -0.5846959659     H_lda    



 5  atomic
    0.00        0.00        0.00   C_lda
    1.196       1.196       1.196  H_lda
   -1.196      -1.196       1.196  H_lda
    1.196      -1.196      -1.196  H_lda
   -1.196       1.196      -1.196  H_lda



  2  atomic
  0. 0. 10.000  H_lda  !BH
  0. 0. 12.363  B_lda

 1  atomic
    0.00        0.00        0.00   C_lda


