---- an input file with weights for orbital properties of carbon ---
0d0 1d5 1d0 1d0 1d0 1d3  psi(0), dEkin_wvlt, radii, hij, locality  E_exct
   n   l  so    eigval  chrg    dchrg  ddchrg  res    rnode dnode ddnode
   2   0 -.50   1.0e4   1.0e3   0.0e0  0.0e0   0.0e0  1.0e0 0.0e0 0.0e0
   2   0 0.50   1.0e4   1.0e3   0.0e0  0.0e0   0.0e0  1.0e0 0.0e0 0.0e0
   3   0 -.50   0.0e0   0.0e0   0.0e0  0.0e0   0.0e0  0.0e0 0.0e0 0.0e0
   3   0 0.50   0.0e0   0.0e0   0.0e0  0.0e0   0.0e0  0.0e0 0.0e0 0.0e0
   4   0 -.50   0.0e0   0.0e0   0.0e0  0.0e0   0.0e0  0.0e0 0.0e0 0.0e0
   4   0 0.50   0.0e0   0.0e0   0.0e0  0.0e0   0.0e0  0.0e0 0.0e0 0.0e0
   2   1 -.50   1.0e4   1.0e3   0.0e0  0.0e0   0.0e0  1.0e0 0.0e0 0.0e0
   2   1 0.50   1.0e4   1.0e3   0.0e0  0.0e0   0.0e0  1.0e0 0.0e0 0.0e0
   3   1 -.50   0.0e0   0.0e0   0.0e0  0.0e0   0.0e0  0.0e0 0.0e0 0.0e0
   3   1 0.50   0.0e0   0.0e0   0.0e0  0.0e0   0.0e0  0.0e0 0.0e0 0.0e0
   4   1 -.50   0.0e0   0.0e0   0.0e0  0.0e0   0.0e0  0.0e0 0.0e0 0.0e0
   4   1 0.50   0.0e0   0.0e0   0.0e0  0.0e0   0.0e0  0.0e0 0.0e0 0.0e0
   3   2 -.50   0.0e0   0.0e0   0.0e0  0.0e0   0.0e0  0.0e0 0.0e0 0.0e0
   3   2 0.50   0.0e0   0.0e0   0.0e0  0.0e0   0.0e0  0.0e0 0.0e0 0.0e0
   4   2 -.50   0.0e0   0.0e0   0.0e0  0.0e0   0.0e0  0.0e0 0.0e0 0.0e0
   4   2 0.50   0.0e0   0.0e0   0.0e0  0.0e0   0.0e0  0.0e0 0.0e0 0.0e0
   4   3 -.50   0.0e0   0.0e0   0.0e0  0.0e0   0.0e0  0.0e0 0.0e0 0.0e0
   4   3 0.50   0.0e0   0.0e0   0.0e0  0.0e0   0.0e0  0.0e0 0.0e0 0.0e0
